0 0 30 : 0
0 1 29 : 29
0 2 28 : 56
0 3 27 : 81
0 4 26 : 104
0 5 25 : 125
0 6 24 : 144
0 7 23 : 161
0 8 22 : 176
0 9 21 : 189
0 10 20 : 200
0 11 19 : 209
0 12 18 : 216
0 13 17 : 221
0 14 16 : 224
0 15 15 : 225
0 16 14 : 224
0 17 13 : 221
0 18 12 : 216
0 19 11 : 209
0 20 10 : 200
0 21 9 : 189
0 22 8 : 176
0 23 7 : 161
0 24 6 : 144
0 25 5 : 125
0 26 4 : 104
0 27 3 : 81
0 28 2 : 56
0 29 1 : 29
1 0 29 : 29
1 1 28 : 57
1 2 27 : 83
1 3 26 : 107
1 4 25 : 129
1 5 24 : 149
1 6 23 : 167
1 7 22 : 183
1 8 21 : 197
1 9 20 : 209
1 10 19 : 219
1 11 18 : 227
1 12 17 : 233
1 13 16 : 237
1 14 15 : 239
1 15 14 : 239
1 16 13 : 237
1 17 12 : 233
1 18 11 : 227
1 19 10 : 219
1 20 9 : 209
1 21 8 : 197
1 22 7 : 183
1 23 6 : 167
1 24 5 : 149
1 25 4 : 129
1 26 3 : 107
1 27 2 : 83
1 28 1 : 57
2 0 28 : 56
2 1 27 : 83
2 2 26 : 108
2 3 25 : 131
2 4 24 : 152
2 5 23 : 171
2 6 22 : 188
2 7 21 : 203
2 8 20 : 216
2 9 19 : 227
2 10 18 : 236
2 11 17 : 243
2 12 16 : 248
2 13 15 : 251
2 14 14 : 252
2 15 13 : 251
2 16 12 : 248
2 17 11 : 243
2 18 10 : 236
2 19 9 : 227
2 20 8 : 216
2 21 7 : 203
2 22 6 : 188
2 23 5 : 171
2 24 4 : 152
2 25 3 : 131
2 26 2 : 108
2 27 1 : 83
3 0 27 : 81
3 1 26 : 107
3 2 25 : 131
3 3 24 : 153
3 4 23 : 173
3 5 22 : 191
3 6 21 : 207
3 7 20 : 221
3 8 19 : 233
3 9 18 : 243
3 10 17 : 251
3 11 16 : 257
3 12 15 : 261
3 13 14 : 263
3 14 13 : 263
3 15 12 : 261
3 16 11 : 257
3 17 10 : 251
3 18 9 : 243
3 19 8 : 233
3 20 7 : 221
3 21 6 : 207
3 22 5 : 191
3 23 4 : 173
3 24 3 : 153
3 25 2 : 131
3 26 1 : 107
4 0 26 : 104
4 1 25 : 129
4 2 24 : 152
4 3 23 : 173
4 4 22 : 192
4 5 21 : 209
4 6 20 : 224
4 7 19 : 237
4 8 18 : 248
4 9 17 : 257
4 10 16 : 264
4 11 15 : 269
4 12 14 : 272
4 13 13 : 273
4 14 12 : 272
4 15 11 : 269
4 16 10 : 264
4 17 9 : 257
4 18 8 : 248
4 19 7 : 237
4 20 6 : 224
4 21 5 : 209
4 22 4 : 192
4 23 3 : 173
4 24 2 : 152
4 25 1 : 129
5 0 25 : 125
5 1 24 : 149
5 2 23 : 171
5 3 22 : 191
5 4 21 : 209
5 5 20 : 225
5 6 19 : 239
5 7 18 : 251
5 8 17 : 261
5 9 16 : 269
5 10 15 : 275
5 11 14 : 279
5 12 13 : 281
5 13 12 : 281
5 14 11 : 279
5 15 10 : 275
5 16 9 : 269
5 17 8 : 261
5 18 7 : 251
5 19 6 : 239
5 20 5 : 225
5 21 4 : 209
5 22 3 : 191
5 23 2 : 171
5 24 1 : 149
6 0 24 : 144
6 1 23 : 167
6 2 22 : 188
6 3 21 : 207
6 4 20 : 224
6 5 19 : 239
6 6 18 : 252
6 7 17 : 263
6 8 16 : 272
6 9 15 : 279
6 10 14 : 284
6 11 13 : 287
6 12 12 : 288
6 13 11 : 287
6 14 10 : 284
6 15 9 : 279
6 16 8 : 272
6 17 7 : 263
6 18 6 : 252
6 19 5 : 239
6 20 4 : 224
6 21 3 : 207
6 22 2 : 188
6 23 1 : 167
7 0 23 : 161
7 1 22 : 183
7 2 21 : 203
7 3 20 : 221
7 4 19 : 237
7 5 18 : 251
7 6 17 : 263
7 7 16 : 273
7 8 15 : 281
7 9 14 : 287
7 10 13 : 291
7 11 12 : 293
7 12 11 : 293
7 13 10 : 291
7 14 9 : 287
7 15 8 : 281
7 16 7 : 273
7 17 6 : 263
7 18 5 : 251
7 19 4 : 237
7 20 3 : 221
7 21 2 : 203
7 22 1 : 183
8 0 22 : 176
8 1 21 : 197
8 2 20 : 216
8 3 19 : 233
8 4 18 : 248
8 5 17 : 261
8 6 16 : 272
8 7 15 : 281
8 8 14 : 288
8 9 13 : 293
8 10 12 : 296
8 11 11 : 297
8 12 10 : 296
8 13 9 : 293
8 14 8 : 288
8 15 7 : 281
8 16 6 : 272
8 17 5 : 261
8 18 4 : 248
8 19 3 : 233
8 20 2 : 216
8 21 1 : 197
9 0 21 : 189
9 1 20 : 209
9 2 19 : 227
9 3 18 : 243
9 4 17 : 257
9 5 16 : 269
9 6 15 : 279
9 7 14 : 287
9 8 13 : 293
9 9 12 : 297
9 10 11 : 299
9 11 10 : 299
9 12 9 : 297
9 13 8 : 293
9 14 7 : 287
9 15 6 : 279
9 16 5 : 269
9 17 4 : 257
9 18 3 : 243
9 19 2 : 227
9 20 1 : 209
10 0 20 : 200
10 1 19 : 219
10 2 18 : 236
10 3 17 : 251
10 4 16 : 264
10 5 15 : 275
10 6 14 : 284
10 7 13 : 291
10 8 12 : 296
10 9 11 : 299
10 10 10 : 300
10 11 9 : 299
10 12 8 : 296
10 13 7 : 291
10 14 6 : 284
10 15 5 : 275
10 16 4 : 264
10 17 3 : 251
10 18 2 : 236
10 19 1 : 219
11 0 19 : 209
11 1 18 : 227
11 2 17 : 243
11 3 16 : 257
11 4 15 : 269
11 5 14 : 279
11 6 13 : 287
11 7 12 : 293
11 8 11 : 297
11 9 10 : 299
11 10 9 : 299
11 11 8 : 297
11 12 7 : 293
11 13 6 : 287
11 14 5 : 279
11 15 4 : 269
11 16 3 : 257
11 17 2 : 243
11 18 1 : 227
12 0 18 : 216
12 1 17 : 233
12 2 16 : 248
12 3 15 : 261
12 4 14 : 272
12 5 13 : 281
12 6 12 : 288
12 7 11 : 293
12 8 10 : 296
12 9 9 : 297
12 10 8 : 296
12 11 7 : 293
12 12 6 : 288
12 13 5 : 281
12 14 4 : 272
12 15 3 : 261
12 16 2 : 248
12 17 1 : 233
13 0 17 : 221
13 1 16 : 237
13 2 15 : 251
13 3 14 : 263
13 4 13 : 273
13 5 12 : 281
13 6 11 : 287
13 7 10 : 291
13 8 9 : 293
13 9 8 : 293
13 10 7 : 291
13 11 6 : 287
13 12 5 : 281
13 13 4 : 273
13 14 3 : 263
13 15 2 : 251
13 16 1 : 237
14 0 16 : 224
14 1 15 : 239
14 2 14 : 252
14 3 13 : 263
14 4 12 : 272
14 5 11 : 279
14 6 10 : 284
14 7 9 : 287
14 8 8 : 288
14 9 7 : 287
14 10 6 : 284
14 11 5 : 279
14 12 4 : 272
14 13 3 : 263
14 14 2 : 252
14 15 1 : 239
15 0 15 : 225
15 1 14 : 239
15 2 13 : 251
15 3 12 : 261
15 4 11 : 269
15 5 10 : 275
15 6 9 : 279
15 7 8 : 281
15 8 7 : 281
15 9 6 : 279
15 10 5 : 275
15 11 4 : 269
15 12 3 : 261
15 13 2 : 251
15 14 1 : 239
16 0 14 : 224
16 1 13 : 237
16 2 12 : 248
16 3 11 : 257
16 4 10 : 264
16 5 9 : 269
16 6 8 : 272
16 7 7 : 273
16 8 6 : 272
16 9 5 : 269
16 10 4 : 264
16 11 3 : 257
16 12 2 : 248
16 13 1 : 237
17 0 13 : 221
17 1 12 : 233
17 2 11 : 243
17 3 10 : 251
17 4 9 : 257
17 5 8 : 261
17 6 7 : 263
17 7 6 : 263
17 8 5 : 261
17 9 4 : 257
17 10 3 : 251
17 11 2 : 243
17 12 1 : 233
18 0 12 : 216
18 1 11 : 227
18 2 10 : 236
18 3 9 : 243
18 4 8 : 248
18 5 7 : 251
18 6 6 : 252
18 7 5 : 251
18 8 4 : 248
18 9 3 : 243
18 10 2 : 236
18 11 1 : 227
19 0 11 : 209
19 1 10 : 219
19 2 9 : 227
19 3 8 : 233
19 4 7 : 237
19 5 6 : 239
19 6 5 : 239
19 7 4 : 237
19 8 3 : 233
19 9 2 : 227
19 10 1 : 219
20 0 10 : 200
20 1 9 : 209
20 2 8 : 216
20 3 7 : 221
20 4 6 : 224
20 5 5 : 225
20 6 4 : 224
20 7 3 : 221
20 8 2 : 216
20 9 1 : 209
21 0 9 : 189
21 1 8 : 197
21 2 7 : 203
21 3 6 : 207
21 4 5 : 209
21 5 4 : 209
21 6 3 : 207
21 7 2 : 203
21 8 1 : 197
22 0 8 : 176
22 1 7 : 183
22 2 6 : 188
22 3 5 : 191
22 4 4 : 192
22 5 3 : 191
22 6 2 : 188
22 7 1 : 183
23 0 7 : 161
23 1 6 : 167
23 2 5 : 171
23 3 4 : 173
23 4 3 : 173
23 5 2 : 171
23 6 1 : 167
24 0 6 : 144
24 1 5 : 149
24 2 4 : 152
24 3 3 : 153
24 4 2 : 152
24 5 1 : 149
25 0 5 : 125
25 1 4 : 129
25 2 3 : 131
25 3 2 : 131
25 4 1 : 129
26 0 4 : 104
26 1 3 : 107
26 2 2 : 108
26 3 1 : 107
27 0 3 : 81
27 1 2 : 83
27 2 1 : 83
28 0 2 : 56
28 1 1 : 57
29 0 1 : 29
